   1.5821289e+03   1.5620000e+03  -2.0213982e+01   2.0118034e+00   2.2591528e+00   2.2596313e+00   2.2581289e+00   1.0077728e+02   1.0688274e+02   3.6981997e+02
   1.5820776e+03   1.5620500e+03  -2.0213986e+01   2.0118033e+00   2.2591540e+00   2.2596301e+00   2.2581289e+00   1.0079288e+02   1.0686755e+02   3.6981997e+02
   1.5820263e+03   1.5621000e+03  -2.0213990e+01   2.0118033e+00   2.2591552e+00   2.2596288e+00   2.2581289e+00   1.0080848e+02   1.0685231e+02   3.6981997e+02
   1.5819750e+03   1.5621500e+03  -2.0213994e+01   2.0118032e+00   2.2591563e+00   2.2596276e+00   2.2581289e+00   1.0082413e+02   1.0683722e+02   3.6981997e+02
   1.5819237e+03   1.5622000e+03  -2.0213998e+01   2.0118031e+00   2.2591575e+00   2.2596263e+00   2.2581289e+00   1.0083959e+02   1.0682209e+02   3.6981997e+02
   1.5818725e+03   1.5622500e+03  -2.0214002e+01   2.0118030e+00   2.2591587e+00   2.2596251e+00   2.2581289e+00   1.0085526e+02   1.0680706e+02   3.6981997e+02
   1.5818212e+03   1.5623000e+03  -2.0214006e+01   2.0118029e+00   2.2591598e+00   2.2596239e+00   2.2581289e+00   1.0087073e+02   1.0679183e+02   3.6981997e+02
   1.5817699e+03   1.5623500e+03  -2.0214010e+01   2.0118029e+00   2.2591610e+00   2.2596226e+00   2.2581289e+00   1.0088626e+02   1.0677665e+02   3.6981997e+02
   1.5817187e+03   1.5624000e+03  -2.0214013e+01   2.0118028e+00   2.2591622e+00   2.2596214e+00   2.2581289e+00   1.0090189e+02   1.0676158e+02   3.6981997e+02
   1.5816675e+03   1.5624500e+03  -2.0214017e+01   2.0118027e+00   2.2591633e+00   2.2596201e+00   2.2581289e+00   1.0091743e+02   1.0674641e+02   3.6981997e+02
   1.5816162e+03   1.5625000e+03  -2.0214021e+01   2.0118026e+00   2.2591645e+00   2.2596189e+00   2.2581289e+00   1.0093302e+02   1.0673120e+02   3.6981997e+02
   1.5815650e+03   1.5625500e+03  -2.0214025e+01   2.0118026e+00   2.2591657e+00   2.2596177e+00   2.2581289e+00   1.0094852e+02   1.0671619e+02   3.6981997e+02
   1.5815138e+03   1.5626000e+03  -2.0214029e+01   2.0118025e+00   2.2591668e+00   2.2596164e+00   2.2581289e+00   1.0096413e+02   1.0670098e+02   3.6981997e+02
   1.5814626e+03   1.5626500e+03  -2.0214032e+01   2.0118024e+00   2.2591680e+00   2.2596152e+00   2.2581289e+00   1.0097969e+02   1.0668582e+02   3.6981997e+02
   1.5814114e+03   1.5627000e+03  -2.0214036e+01   2.0118023e+00   2.2591692e+00   2.2596140e+00   2.2581289e+00   1.0099516e+02   1.0667072e+02   3.6981997e+02
   1.5813602e+03   1.5627500e+03  -2.0214040e+01   2.0118023e+00   2.2591704e+00   2.2596127e+00   2.2581289e+00   1.0101078e+02   1.0665552e+02   3.6981997e+02
   1.5813090e+03   1.5628000e+03  -2.0214043e+01   2.0118022e+00   2.2591715e+00   2.2596115e+00   2.2581289e+00   1.0102631e+02   1.0664047e+02   3.6981997e+02
   1.5812578e+03   1.5628500e+03  -2.0214047e+01   2.0118021e+00   2.2591727e+00   2.2596103e+00   2.2581289e+00   1.0104189e+02   1.0662527e+02   3.6981997e+02
   1.5812066e+03   1.5629000e+03  -2.0214051e+01   2.0118020e+00   2.2591739e+00   2.2596090e+00   2.2581289e+00   1.0105738e+02   1.0661003e+02   3.6981997e+02
   1.5811554e+03   1.5629500e+03  -2.0214054e+01   2.0118020e+00   2.2591750e+00   2.2596078e+00   2.2581289e+00   1.0107293e+02   1.0659494e+02   3.6981997e+02
   1.5811042e+03   1.5630000e+03  -2.0214058e+01   2.0118019e+00   2.2591762e+00   2.2596066e+00   2.2581289e+00   1.0108853e+02   1.0657976e+02   3.6981997e+02
   1.5810531e+03   1.5630500e+03  -2.0214062e+01   2.0118018e+00   2.2591774e+00   2.2596053e+00   2.2581289e+00   1.0110408e+02   1.0656463e+02   3.6981997e+02
   1.5810019e+03   1.5631000e+03  -2.0214065e+01   2.0118018e+00   2.2591785e+00   2.2596041e+00   2.2581289e+00   1.0111949e+02   1.0654950e+02   3.6981997e+02
   1.5809508e+03   1.5631500e+03  -2.0214069e+01   2.0118017e+00   2.2591797e+00   2.2596029e+00   2.2581289e+00   1.0113516e+02   1.0653437e+02   3.6981997e+02
   1.5808996e+03   1.5632000e+03  -2.0214072e+01   2.0118016e+00   2.2591809e+00   2.2596016e+00   2.2581289e+00   1.0115073e+02   1.0651920e+02   3.6981997e+02
   1.5808485e+03   1.5632500e+03  -2.0214076e+01   2.0118015e+00   2.2591821e+00   2.2596004e+00   2.2581289e+00   1.0116616e+02   1.0650408e+02   3.6981997e+02
   1.5807974e+03   1.5633000e+03  -2.0214079e+01   2.0118015e+00   2.2591832e+00   2.2595992e+00   2.2581289e+00   1.0118165e+02   1.0648891e+02   3.6981997e+02
   1.5807463e+03   1.5633500e+03  -2.0214083e+01   2.0118014e+00   2.2591844e+00   2.2595979e+00   2.2581289e+00   1.0119729e+02   1.0647369e+02   3.6981997e+02
   1.5806951e+03   1.5634000e+03  -2.0214086e+01   2.0118013e+00   2.2591856e+00   2.2595967e+00   2.2581289e+00   1.0121273e+02   1.0645853e+02   3.6981997e+02
   1.5806440e+03   1.5634500e+03  -2.0214090e+01   2.0118013e+00   2.2591867e+00   2.2595955e+00   2.2581289e+00   1.0122828e+02   1.0644348e+02   3.6981997e+02
   1.5805929e+03   1.5635000e+03  -2.0214093e+01   2.0118012e+00   2.2591879e+00   2.2595942e+00   2.2581289e+00   1.0124384e+02   1.0642832e+02   3.6981997e+02
   1.5805418e+03   1.5635500e+03  -2.0214096e+01   2.0118011e+00   2.2591891e+00   2.2595930e+00   2.2581289e+00   1.0125930e+02   1.0641317e+02   3.6981997e+02
   1.5804907e+03   1.5636000e+03  -2.0214100e+01   2.0118011e+00   2.2591903e+00   2.2595918e+00   2.2581289e+00   1.0127482e+02   1.0639802e+02   3.6981997e+02
   1.5804397e+03   1.5636500e+03  -2.0214103e+01   2.0118010e+00   2.2591914e+00   2.2595905e+00   2.2581289e+00   1.0129034e+02   1.0638287e+02   3.6981997e+02
   1.5803886e+03   1.5637000e+03  -2.0214106e+01   2.0118009e+00   2.2591926e+00   2.2595893e+00   2.2581289e+00   1.0130587e+02   1.0636773e+02   3.6981997e+02
   1.5803375e+03   1.5637500e+03  -2.0214110e+01   2.0118009e+00   2.2591938e+00   2.2595881e+00   2.2581289e+00   1.0132131e+02   1.0635259e+02   3.6981997e+02
   1.5802864e+03   1.5638000e+03  -2.0214113e+01   2.0118008e+00   2.2591949e+00   2.2595868e+00   2.2581289e+00   1.0133680e+02   1.0633745e+02   3.6981997e+02
   1.5802354e+03   1.5638500e+03  -2.0214116e+01   2.0118007e+00   2.2591961e+00   2.2595856e+00   2.2581289e+00   1.0135245e+02   1.0632222e+02   3.6981997e+02
   1.5801843e+03   1.5639000e+03  -2.0214119e+01   2.0118007e+00   2.2591973e+00   2.2595844e+00   2.2581289e+00   1.0136790e+02   1.0630714e+02   3.6981997e+02
   1.5801333e+03   1.5639500e+03  -2.0214123e+01   2.0118006e+00   2.2591985e+00   2.2595832e+00   2.2581289e+00   1.0138340e+02   1.0629201e+02   3.6981997e+02
   1.5800823e+03   1.5640000e+03  -2.0214126e+01   2.0118005e+00   2.2591996e+00   2.2595819e+00   2.2581289e+00   1.0139887e+02   1.0627689e+02   3.6981997e+02
   1.5800312e+03   1.5640500e+03  -2.0214129e+01   2.0118005e+00   2.2592008e+00   2.2595807e+00   2.2581289e+00   1.0141439e+02   1.0626161e+02   3.6981997e+02
   1.5799802e+03   1.5641000e+03  -2.0214132e+01   2.0118004e+00   2.2592020e+00   2.2595795e+00   2.2581289e+00   1.0142991e+02   1.0624645e+02   3.6981997e+02
   1.5799292e+03   1.5641500e+03  -2.0214135e+01   2.0118003e+00   2.2592031e+00   2.2595782e+00   2.2581289e+00   1.0144529e+02   1.0623138e+02   3.6981997e+02
   1.5798782e+03   1.5642000e+03  -2.0214139e+01   2.0118003e+00   2.2592043e+00   2.2595770e+00   2.2581289e+00   1.0146092e+02   1.0621627e+02   3.6981997e+02
   1.5798272e+03   1.5642500e+03  -2.0214142e+01   2.0118002e+00   2.2592055e+00   2.2595758e+00   2.2581289e+00   1.0147632e+02   1.0620116e+02   3.6981997e+02
   1.5797762e+03   1.5643000e+03  -2.0214145e+01   2.0118002e+00   2.2592067e+00   2.2595746e+00   2.2581289e+00   1.0149181e+02   1.0618600e+02   3.6981997e+02
   1.5797252e+03   1.5643500e+03  -2.0214148e+01   2.0118001e+00   2.2592078e+00   2.2595733e+00   2.2581289e+00   1.0150731e+02   1.0617080e+02   3.6981997e+02
   1.5796742e+03   1.5644000e+03  -2.0214151e+01   2.0118000e+00   2.2592090e+00   2.2595721e+00   2.2581289e+00   1.0152272e+02   1.0615560e+02   3.6981997e+02
   1.5796232e+03   1.5644500e+03  -2.0214154e+01   2.0118000e+00   2.2592102e+00   2.2595709e+00   2.2581289e+00   1.0153833e+02   1.0614040e+02   3.6981997e+02
   1.5795723e+03   1.5645000e+03  -2.0214157e+01   2.0117999e+00   2.2592114e+00   2.2595697e+00   2.2581289e+00   1.0155370e+02   1.0612530e+02   3.6981997e+02
   1.5795213e+03   1.5645500e+03  -2.0214160e+01   2.0117999e+00   2.2592125e+00   2.2595684e+00   2.2581289e+00   1.0156928e+02   1.0611016e+02   3.6981997e+02
   1.5794703e+03   1.5646000e+03  -2.0214163e+01   2.0117998e+00   2.2592137e+00   2.2595672e+00   2.2581289e+00   1.0158466e+02   1.0609507e+02   3.6981997e+02
   1.5794194e+03   1.5646500e+03  -2.0214166e+01   2.0117997e+00   2.2592149e+00   2.2595660e+00   2.2581289e+00   1.0160014e+02   1.0607999e+02   3.6981997e+02
   1.5793684e+03   1.5647000e+03  -2.0214169e+01   2.0117997e+00   2.2592161e+00   2.2595648e+00   2.2581289e+00   1.0161568e+02   1.0606471e+02   3.6981997e+02
   1.5793175e+03   1.5647500e+03  -2.0214172e+01   2.0117996e+00   2.2592172e+00   2.2595635e+00   2.2581289e+00   1.0163108e+02   1.0604963e+02   3.6981997e+02
   1.5792666e+03   1.5648000e+03  -2.0214174e+01   2.0117996e+00   2.2592184e+00   2.2595623e+00   2.2581289e+00   1.0164668e+02   1.0603445e+02   3.6981997e+02
   1.5792156e+03   1.5648500e+03  -2.0214177e+01   2.0117995e+00   2.2592196e+00   2.2595611e+00   2.2581289e+00   1.0166214e+02   1.0601928e+02   3.6981997e+02
   1.5791647e+03   1.5649000e+03  -2.0214180e+01   2.0117994e+00   2.2592208e+00   2.2595599e+00   2.2581289e+00   1.0167745e+02   1.0600416e+02   3.6981997e+02
   1.5791138e+03   1.5649500e+03  -2.0214183e+01   2.0117994e+00   2.2592219e+00   2.2595586e+00   2.2581289e+00   1.0169307e+02   1.0598894e+02   3.6981997e+02
   1.5790629e+03   1.5650000e+03  -2.0214186e+01   2.0117993e+00   2.2592231e+00   2.2595574e+00   2.2581289e+00   1.0170834e+02   1.0597378e+02   3.6981997e+02
   1.5790120e+03   1.5650500e+03  -2.0214188e+01   2.0117993e+00   2.2592243e+00   2.2595562e+00   2.2581289e+00   1.0172382e+02   1.0595861e+02   3.6981997e+02
   1.5789611e+03   1.5651000e+03  -2.0214191e+01   2.0117992e+00   2.2592255e+00   2.2595550e+00   2.2581289e+00   1.0173936e+02   1.0594351e+02   3.6981997e+02
   1.5789102e+03   1.5651500e+03  -2.0214194e+01   2.0117992e+00   2.2592266e+00   2.2595537e+00   2.2581289e+00   1.0175480e+02   1.0592845e+02   3.6981997e+02
   1.5788593e+03   1.5652000e+03  -2.0214197e+01   2.0117991e+00   2.2592278e+00   2.2595525e+00   2.2581289e+00   1.0177025e+02   1.0591320e+02   3.6981997e+02
   1.5788085e+03   1.5652500e+03  -2.0214199e+01   2.0117991e+00   2.2592290e+00   2.2595513e+00   2.2581289e+00   1.0178570e+02   1.0589805e+02   3.6981997e+02
   1.5787576e+03   1.5653000e+03  -2.0214202e+01   2.0117990e+00   2.2592302e+00   2.2595501e+00   2.2581289e+00   1.0180111e+02   1.0588290e+02   3.6981997e+02
   1.5787067e+03   1.5653500e+03  -2.0214205e+01   2.0117990e+00   2.2592313e+00   2.2595488e+00   2.2581289e+00   1.0181652e+02   1.0586776e+02   3.6981997e+02
   1.5786559e+03   1.5654000e+03  -2.0214207e+01   2.0117989e+00   2.2592325e+00   2.2595476e+00   2.2581289e+00   1.0183199e+02   1.0585252e+02   3.6981997e+02
   1.5786050e+03   1.5654500e+03  -2.0214210e+01   2.0117988e+00   2.2592337e+00   2.2595464e+00   2.2581289e+00   1.0184746e+02   1.0583743e+02   3.6981997e+02
   1.5785542e+03   1.5655000e+03  -2.0214213e+01   2.0117988e+00   2.2592349e+00   2.2595452e+00   2.2581289e+00   1.0186284e+02   1.0582230e+02   3.6981997e+02
   1.5785034e+03   1.5655500e+03  -2.0214215e+01   2.0117987e+00   2.2592360e+00   2.2595440e+00   2.2581289e+00   1.0187828e+02   1.0580717e+02   3.6981997e+02
   1.5784525e+03   1.5656000e+03  -2.0214218e+01   2.0117987e+00   2.2592372e+00   2.2595427e+00   2.2581289e+00   1.0189367e+02   1.0579194e+02   3.6981997e+02
   1.5784017e+03   1.5656500e+03  -2.0214220e+01   2.0117986e+00   2.2592384e+00   2.2595415e+00   2.2581289e+00   1.0190921e+02   1.0577687e+02   3.6981997e+02
   1.5783509e+03   1.5657000e+03  -2.0214223e+01   2.0117986e+00   2.2592396e+00   2.2595403e+00   2.2581289e+00   1.0192447e+02   1.0576165e+02   3.6981997e+02
   1.5783001e+03   1.5657500e+03  -2.0214225e+01   2.0117985e+00   2.2592407e+00   2.2595391e+00   2.2581289e+00   1.0193997e+02   1.0574658e+02   3.6981997e+02
   1.5782493e+03   1.5658000e+03  -2.0214228e+01   2.0117985e+00   2.2592419e+00   2.2595379e+00   2.2581289e+00   1.0195548e+02   1.0573136e+02   3.6981997e+02
   1.5781985e+03   1.5658500e+03  -2.0214230e+01   2.0117984e+00   2.2592431e+00   2.2595366e+00   2.2581289e+00   1.0197075e+02   1.0571625e+02   3.6981997e+02
   1.5781477e+03   1.5659000e+03  -2.0214233e+01   2.0117984e+00   2.2592443e+00   2.2595354e+00   2.2581289e+00   1.0198623e+02   1.0570109e+02   3.6981997e+02
   1.5780969e+03   1.5659500e+03  -2.0214235e+01   2.0117983e+00   2.2592454e+00   2.2595342e+00   2.2581289e+00   1.0200166e+02   1.0568603e+02   3.6981997e+02
   1.5780462e+03   1.5660000e+03  -2.0214237e+01   2.0117983e+00   2.2592466e+00   2.2595330e+00   2.2581289e+00   1.0201714e+02   1.0567068e+02   3.6981997e+02
   1.5779954e+03   1.5660500e+03  -2.0214240e+01   2.0117983e+00   2.2592478e+00   2.2595318e+00   2.2581289e+00   1.0203253e+02   1.0565563e+02   3.6981997e+02
   1.5779446e+03   1.5661000e+03  -2.0214242e+01   2.0117982e+00   2.2592490e+00   2.2595305e+00   2.2581289e+00   1.0204783e+02   1.0564038e+02   3.6981997e+02
   1.5778939e+03   1.5661500e+03  -2.0214244e+01   2.0117982e+00   2.2592501e+00   2.2595293e+00   2.2581289e+00   1.0206338e+02   1.0562539e+02   3.6981997e+02
   1.5778431e+03   1.5662000e+03  -2.0214247e+01   2.0117981e+00   2.2592513e+00   2.2595281e+00   2.2581289e+00   1.0207869e+02   1.0561020e+02   3.6981997e+02
   1.5777924e+03   1.5662500e+03  -2.0214249e+01   2.0117981e+00   2.2592525e+00   2.2595269e+00   2.2581289e+00   1.0209415e+02   1.0559496e+02   3.6981997e+02
   1.5777416e+03   1.5663000e+03  -2.0214251e+01   2.0117980e+00   2.2592537e+00   2.2595257e+00   2.2581289e+00   1.0210952e+02   1.0557987e+02   3.6981997e+02
   1.5776909e+03   1.5663500e+03  -2.0214254e+01   2.0117980e+00   2.2592549e+00   2.2595245e+00   2.2581289e+00   1.0212489e+02   1.0556464e+02   3.6981997e+02
   1.5776402e+03   1.5664000e+03  -2.0214256e+01   2.0117979e+00   2.2592560e+00   2.2595232e+00   2.2581289e+00   1.0214032e+02   1.0554951e+02   3.6981997e+02
   1.5775895e+03   1.5664500e+03  -2.0214258e+01   2.0117979e+00   2.2592572e+00   2.2595220e+00   2.2581289e+00   1.0215575e+02   1.0553449e+02   3.6981997e+02
   1.5775388e+03   1.5665000e+03  -2.0214260e+01   2.0117978e+00   2.2592584e+00   2.2595208e+00   2.2581289e+00   1.0217109e+02   1.0551931e+02   3.6981997e+02
   1.5774881e+03   1.5665500e+03  -2.0214262e+01   2.0117978e+00   2.2592596e+00   2.2595196e+00   2.2581289e+00   1.0218654e+02   1.0550409e+02   3.6981997e+02
   1.5774374e+03   1.5666000e+03  -2.0214265e+01   2.0117978e+00   2.2592607e+00   2.2595184e+00   2.2581289e+00   1.0220189e+02   1.0548902e+02   3.6981997e+02
   1.5773867e+03   1.5666500e+03  -2.0214267e+01   2.0117977e+00   2.2592619e+00   2.2595172e+00   2.2581289e+00   1.0221730e+02   1.0547386e+02   3.6981997e+02
   1.5773360e+03   1.5667000e+03  -2.0214269e+01   2.0117977e+00   2.2592631e+00   2.2595159e+00   2.2581289e+00   1.0223266e+02   1.0545865e+02   3.6981997e+02
   1.5772853e+03   1.5667500e+03  -2.0214271e+01   2.0117976e+00   2.2592643e+00   2.2595147e+00   2.2581289e+00   1.0224803e+02   1.0544344e+02   3.6981997e+02
   1.5772346e+03   1.5668000e+03  -2.0214273e+01   2.0117976e+00   2.2592655e+00   2.2595135e+00   2.2581289e+00   1.0226340e+02   1.0542834e+02   3.6981997e+02
   1.5771840e+03   1.5668500e+03  -2.0214275e+01   2.0117975e+00   2.2592666e+00   2.2595123e+00   2.2581289e+00   1.0227878e+02   1.0541324e+02   3.6981997e+02
   1.5771333e+03   1.5669000e+03  -2.0214277e+01   2.0117975e+00   2.2592678e+00   2.2595111e+00   2.2581289e+00   1.0229411e+02   1.0539799e+02   3.6981997e+02
   1.5770827e+03   1.5669500e+03  -2.0214279e+01   2.0117975e+00   2.2592690e+00   2.2595099e+00   2.2581289e+00   1.0230950e+02   1.0538284e+02   3.6981997e+02
   1.5770320e+03   1.5670000e+03  -2.0214281e+01   2.0117974e+00   2.2592702e+00   2.2595087e+00   2.2581289e+00   1.0232495e+02   1.0536775e+02   3.6981997e+02
   1.5769814e+03   1.5670500e+03  -2.0214283e+01   2.0117974e+00   2.2592713e+00   2.2595074e+00   2.2581289e+00   1.0234035e+02   1.0535256e+02   3.6981997e+02
   1.5769307e+03   1.5671000e+03  -2.0214285e+01   2.0117973e+00   2.2592725e+00   2.2595062e+00   2.2581289e+00   1.0235565e+02   1.0533742e+02   3.6981997e+02
   1.5768801e+03   1.5671500e+03  -2.0214287e+01   2.0117973e+00   2.2592737e+00   2.2595050e+00   2.2581289e+00   1.0237101e+02   1.0532224e+02   3.6981997e+02
   1.5768295e+03   1.5672000e+03  -2.0214289e+01   2.0117973e+00   2.2592749e+00   2.2595038e+00   2.2581289e+00   1.0238633e+02   1.0530706e+02   3.6981997e+02
   1.5767789e+03   1.5672500e+03  -2.0214291e+01   2.0117972e+00   2.2592761e+00   2.2595026e+00   2.2581289e+00   1.0240175e+02   1.0529193e+02   3.6981997e+02
   1.5767283e+03   1.5673000e+03  -2.0214293e+01   2.0117972e+00   2.2592772e+00   2.2595014e+00   2.2581289e+00   1.0241723e+02   1.0527681e+02   3.6981997e+02
   1.5766777e+03   1.5673500e+03  -2.0214295e+01   2.0117972e+00   2.2592784e+00   2.2595002e+00   2.2581289e+00   1.0243246e+02   1.0526168e+02   3.6981997e+02
   1.5766271e+03   1.5674000e+03  -2.0214296e+01   2.0117971e+00   2.2592796e+00   2.2594990e+00   2.2581289e+00   1.0244780e+02   1.0524652e+02   3.6981997e+02
   1.5765765e+03   1.5674500e+03  -2.0214298e+01   2.0117971e+00   2.2592808e+00   2.2594977e+00   2.2581289e+00   1.0246315e+02   1.0523135e+02   3.6981997e+02
   1.5765259e+03   1.5675000e+03  -2.0214300e+01   2.0117970e+00   2.2592820e+00   2.2594965e+00   2.2581289e+00   1.0247855e+02   1.0521614e+02   3.6981997e+02
   1.5764753e+03   1.5675500e+03  -2.0214302e+01   2.0117970e+00   2.2592831e+00   2.2594953e+00   2.2581289e+00   1.0249400e+02   1.0520098e+02   3.6981997e+02
   1.5764248e+03   1.5676000e+03  -2.0214303e+01   2.0117970e+00   2.2592843e+00   2.2594941e+00   2.2581289e+00   1.0250921e+02   1.0518582e+02   3.6981997e+02
   1.5763742e+03   1.5676500e+03  -2.0214305e+01   2.0117969e+00   2.2592855e+00   2.2594929e+00   2.2581289e+00   1.0252453e+02   1.0517067e+02   3.6981997e+02
   1.5763237e+03   1.5677000e+03  -2.0214307e+01   2.0117969e+00   2.2592867e+00   2.2594917e+00   2.2581289e+00   1.0253985e+02   1.0515557e+02   3.6981997e+02
   1.5762731e+03   1.5677500e+03  -2.0214309e+01   2.0117969e+00   2.2592879e+00   2.2594905e+00   2.2581289e+00   1.0255527e+02   1.0514042e+02   3.6981997e+02
   1.5762226e+03   1.5678000e+03  -2.0214310e+01   2.0117968e+00   2.2592890e+00   2.2594893e+00   2.2581289e+00   1.0257061e+02   1.0512523e+02   3.6981997e+02
   1.5761720e+03   1.5678500e+03  -2.0214312e+01   2.0117968e+00   2.2592902e+00   2.2594881e+00   2.2581289e+00   1.0258589e+02   1.0511014e+02   3.6981997e+02
   1.5761215e+03   1.5679000e+03  -2.0214314e+01   2.0117968e+00   2.2592914e+00   2.2594868e+00   2.2581289e+00   1.0260129e+02   1.0509490e+02   3.6981997e+02
   1.5760710e+03   1.5679500e+03  -2.0214315e+01   2.0117967e+00   2.2592926e+00   2.2594856e+00   2.2581289e+00   1.0261659e+02   1.0507971e+02   3.6981997e+02
   1.5760205e+03   1.5680000e+03  -2.0214317e+01   2.0117967e+00   2.2592938e+00   2.2594844e+00   2.2581289e+00   1.0263194e+02   1.0506458e+02   3.6981997e+02
   1.5759700e+03   1.5680500e+03  -2.0214318e+01   2.0117967e+00   2.2592949e+00   2.2594832e+00   2.2581289e+00   1.0264725e+02   1.0504950e+02   3.6981997e+02
   1.5759194e+03   1.5681000e+03  -2.0214320e+01   2.0117966e+00   2.2592961e+00   2.2594820e+00   2.2581289e+00   1.0266262e+02   1.0503428e+02   3.6981997e+02
   1.5758690e+03   1.5681500e+03  -2.0214321e+01   2.0117966e+00   2.2592973e+00   2.2594808e+00   2.2581289e+00   1.0267789e+02   1.0501905e+02   3.6981997e+02
   1.5758185e+03   1.5682000e+03  -2.0214323e+01   2.0117966e+00   2.2592985e+00   2.2594796e+00   2.2581289e+00   1.0269321e+02   1.0500408e+02   3.6981997e+02
   1.5757680e+03   1.5682500e+03  -2.0214324e+01   2.0117966e+00   2.2592997e+00   2.2594784e+00   2.2581289e+00   1.0270859e+02   1.0498882e+02   3.6981997e+02
   1.5757175e+03   1.5683000e+03  -2.0214326e+01   2.0117965e+00   2.2593008e+00   2.2594772e+00   2.2581289e+00   1.0272388e+02   1.0497365e+02   3.6981997e+02
   1.5756670e+03   1.5683500e+03  -2.0214327e+01   2.0117965e+00   2.2593020e+00   2.2594760e+00   2.2581289e+00   1.0273912e+02   1.0495849e+02   3.6981997e+02
   1.5756166e+03   1.5684000e+03  -2.0214329e+01   2.0117965e+00   2.2593032e+00   2.2594748e+00   2.2581289e+00   1.0275457e+02   1.0494339e+02   3.6981997e+02
   1.5755661e+03   1.5684500e+03  -2.0214330e+01   2.0117964e+00   2.2593044e+00   2.2594736e+00   2.2581289e+00   1.0276982e+02   1.0492818e+02   3.6981997e+02
   1.5755157e+03   1.5685000e+03  -2.0214332e+01   2.0117964e+00   2.2593056e+00   2.2594724e+00   2.2581289e+00   1.0278513e+02   1.0491298e+02   3.6981997e+02
   1.5754652e+03   1.5685500e+03  -2.0214333e+01   2.0117964e+00   2.2593068e+00   2.2594712e+00   2.2581289e+00   1.0280044e+02   1.0489778e+02   3.6981997e+02
   1.5754148e+03   1.5686000e+03  -2.0214334e+01   2.0117964e+00   2.2593079e+00   2.2594699e+00   2.2581289e+00   1.0281576e+02   1.0488274e+02   3.6981997e+02
   1.5753643e+03   1.5686500e+03  -2.0214336e+01   2.0117963e+00   2.2593091e+00   2.2594687e+00   2.2581289e+00   1.0283109e+02   1.0486764e+02   3.6981997e+02
   1.5753139e+03   1.5687000e+03  -2.0214337e+01   2.0117963e+00   2.2593103e+00   2.2594675e+00   2.2581289e+00   1.0284632e+02   1.0485235e+02   3.6981997e+02
   1.5752635e+03   1.5687500e+03  -2.0214338e+01   2.0117963e+00   2.2593115e+00   2.2594663e+00   2.2581289e+00   1.0286155e+02   1.0483732e+02   3.6981997e+02
   1.5752131e+03   1.5688000e+03  -2.0214340e+01   2.0117962e+00   2.2593127e+00   2.2594651e+00   2.2581289e+00   1.0287694e+02   1.0482204e+02   3.6981997e+02
   1.5751627e+03   1.5688500e+03  -2.0214341e+01   2.0117962e+00   2.2593138e+00   2.2594639e+00   2.2581289e+00   1.0289229e+02   1.0480691e+02   3.6981997e+02
   1.5751123e+03   1.5689000e+03  -2.0214342e+01   2.0117962e+00   2.2593150e+00   2.2594627e+00   2.2581289e+00   1.0290744e+02   1.0479178e+02   3.6981997e+02
   1.5750619e+03   1.5689500e+03  -2.0214343e+01   2.0117962e+00   2.2593162e+00   2.2594615e+00   2.2581289e+00   1.0292285e+02   1.0477655e+02   3.6981997e+02
   1.5750115e+03   1.5690000e+03  -2.0214344e+01   2.0117962e+00   2.2593174e+00   2.2594603e+00   2.2581289e+00   1.0293801e+02   1.0476143e+02   3.6981997e+02
   1.5749611e+03   1.5690500e+03  -2.0214346e+01   2.0117961e+00   2.2593186e+00   2.2594591e+00   2.2581289e+00   1.0295343e+02   1.0474636e+02   3.6981997e+02
   1.5749107e+03   1.5691000e+03  -2.0214347e+01   2.0117961e+00   2.2593198e+00   2.2594579e+00   2.2581289e+00   1.0296870e+02   1.0473105e+02   3.6981997e+02
   1.5748604e+03   1.5691500e+03  -2.0214348e+01   2.0117961e+00   2.2593209e+00   2.2594567e+00   2.2581289e+00   1.0298393e+02   1.0471594e+02   3.6981997e+02
   1.5748100e+03   1.5692000e+03  -2.0214349e+01   2.0117961e+00   2.2593221e+00   2.2594555e+00   2.2581289e+00   1.0299932e+02   1.0470088e+02   3.6981997e+02
   1.5747597e+03   1.5692500e+03  -2.0214350e+01   2.0117960e+00   2.2593233e+00   2.2594543e+00   2.2581289e+00   1.0301451e+02   1.0468567e+02   3.6981997e+02
   1.5747093e+03   1.5693000e+03  -2.0214351e+01   2.0117960e+00   2.2593245e+00   2.2594531e+00   2.2581289e+00   1.0302985e+02   1.0467047e+02   3.6981997e+02
   1.5746590e+03   1.5693500e+03  -2.0214352e+01   2.0117960e+00   2.2593257e+00   2.2594519e+00   2.2581289e+00   1.0304505e+02   1.0465527e+02   3.6981997e+02
   1.5746086e+03   1.5694000e+03  -2.0214353e+01   2.0117960e+00   2.2593269e+00   2.2594507e+00   2.2581289e+00   1.0306031e+02   1.0464012e+02   3.6981997e+02
   1.5745583e+03   1.5694500e+03  -2.0214354e+01   2.0117960e+00   2.2593280e+00   2.2594495e+00   2.2581289e+00   1.0307562e+02   1.0462498e+02   3.6981997e+02
   1.5745080e+03   1.5695000e+03  -2.0214355e+01   2.0117959e+00   2.2593292e+00   2.2594483e+00   2.2581289e+00   1.0309089e+02   1.0460979e+02   3.6981997e+02
   1.5744577e+03   1.5695500e+03  -2.0214356e+01   2.0117959e+00   2.2593304e+00   2.2594471e+00   2.2581289e+00   1.0310611e+02   1.0459475e+02   3.6981997e+02
   1.5744074e+03   1.5696000e+03  -2.0214357e+01   2.0117959e+00   2.2593316e+00   2.2594459e+00   2.2581289e+00   1.0312149e+02   1.0457947e+02   3.6981997e+02
   1.5743570e+03   1.5696500e+03  -2.0214358e+01   2.0117959e+00   2.2593328e+00   2.2594447e+00   2.2581289e+00   1.0313662e+02   1.0456444e+02   3.6981997e+02
   1.5743068e+03   1.5697000e+03  -2.0214359e+01   2.0117959e+00   2.2593340e+00   2.2594435e+00   2.2581289e+00   1.0315201e+02   1.0454921e+02   3.6981997e+02
   1.5742565e+03   1.5697500e+03  -2.0214360e+01   2.0117958e+00   2.2593351e+00   2.2594423e+00   2.2581289e+00   1.0316720e+02   1.0453403e+02   3.6981997e+02
   1.5742062e+03   1.5698000e+03  -2.0214361e+01   2.0117958e+00   2.2593363e+00   2.2594411e+00   2.2581289e+00   1.0318245e+02   1.0451886e+02   3.6981997e+02
   1.5741559e+03   1.5698500e+03  -2.0214362e+01   2.0117958e+00   2.2593375e+00   2.2594399e+00   2.2581289e+00   1.0319775e+02   1.0450379e+02   3.6981997e+02
   1.5741056e+03   1.5699000e+03  -2.0214363e+01   2.0117958e+00   2.2593387e+00   2.2594387e+00   2.2581289e+00   1.0321296e+02   1.0448863e+02   3.6981997e+02
   1.5740554e+03   1.5699500e+03  -2.0214363e+01   2.0117958e+00   2.2593399e+00   2.2594375e+00   2.2581289e+00   1.0322833e+02   1.0447336e+02   3.6981997e+02
   1.5740051e+03   1.5700000e+03  -2.0214364e+01   2.0117958e+00   2.2593411e+00   2.2594363e+00   2.2581289e+00   1.0324350e+02   1.0445825e+02   3.6981997e+02
   1.5739548e+03   1.5700500e+03  -2.0214365e+01   2.0117957e+00   2.2593423e+00   2.2594351e+00   2.2581289e+00   1.0325872e+02   1.0444309e+02   3.6981997e+02
   1.5739046e+03   1.5701000e+03  -2.0214366e+01   2.0117957e+00   2.2593434e+00   2.2594339e+00   2.2581289e+00   1.0327400e+02   1.0442784e+02   3.6981997e+02
   1.5738544e+03   1.5701500e+03  -2.0214367e+01   2.0117957e+00   2.2593446e+00   2.2594327e+00   2.2581289e+00   1.0328929e+02   1.0441279e+02   3.6981997e+02
   1.5738041e+03   1.5702000e+03  -2.0214367e+01   2.0117957e+00   2.2593458e+00   2.2594315e+00   2.2581289e+00   1.0330443e+02   1.0439754e+02   3.6981997e+02
   1.5737539e+03   1.5702500e+03  -2.0214368e+01   2.0117957e+00   2.2593470e+00   2.2594303e+00   2.2581289e+00   1.0331978e+02   1.0438245e+02   3.6981997e+02
   1.5737037e+03   1.5703000e+03  -2.0214369e+01   2.0117957e+00   2.2593482e+00   2.2594291e+00   2.2581289e+00   1.0333488e+02   1.0436736e+02   3.6981997e+02
   1.5736535e+03   1.5703500e+03  -2.0214369e+01   2.0117957e+00   2.2593494e+00   2.2594279e+00   2.2581289e+00   1.0335014e+02   1.0435222e+02   3.6981997e+02
   1.5736033e+03   1.5704000e+03  -2.0214370e+01   2.0117956e+00   2.2593506e+00   2.2594267e+00   2.2581289e+00   1.0336535e+02   1.0433693e+02   3.6981997e+02
   1.5735531e+03   1.5704500e+03  -2.0214371e+01   2.0117956e+00   2.2593517e+00   2.2594255e+00   2.2581289e+00   1.0338057e+02   1.0432175e+02   3.6981997e+02
   1.5735029e+03   1.5705000e+03  -2.0214371e+01   2.0117956e+00   2.2593529e+00   2.2594243e+00   2.2581289e+00   1.0339585e+02   1.0430667e+02   3.6981997e+02
   1.5734527e+03   1.5705500e+03  -2.0214372e+01   2.0117956e+00   2.2593541e+00   2.2594231e+00   2.2581289e+00   1.0341108e+02   1.0429139e+02   3.6981997e+02
   1.5734025e+03   1.5706000e+03  -2.0214372e+01   2.0117956e+00   2.2593553e+00   2.2594219e+00   2.2581289e+00   1.0342631e+02   1.0427627e+02   3.6981997e+02
   1.5733523e+03   1.5706500e+03  -2.0214373e+01   2.0117956e+00   2.2593565e+00   2.2594207e+00   2.2581289e+00   1.0344150e+02   1.0426110e+02   3.6981997e+02
   1.5733022e+03   1.5707000e+03  -2.0214373e+01   2.0117956e+00   2.2593577e+00   2.2594195e+00   2.2581289e+00   1.0345680e+02   1.0424593e+02   3.6981997e+02
   1.5732520e+03   1.5707500e+03  -2.0214374e+01   2.0117956e+00   2.2593589e+00   2.2594183e+00   2.2581289e+00   1.0347195e+02   1.0423082e+02   3.6981997e+02
   1.5732018e+03   1.5708000e+03  -2.0214374e+01   2.0117956e+00   2.2593600e+00   2.2594171e+00   2.2581289e+00   1.0348715e+02   1.0421566e+02   3.6981997e+02
   1.5731517e+03   1.5708500e+03  -2.0214375e+01   2.0117955e+00   2.2593612e+00   2.2594159e+00   2.2581289e+00   1.0350236e+02   1.0420040e+02   3.6981997e+02
   1.5731015e+03   1.5709000e+03  -2.0214375e+01   2.0117955e+00   2.2593624e+00   2.2594147e+00   2.2581289e+00   1.0351758e+02   1.0418534e+02   3.6981997e+02
   1.5730514e+03   1.5709500e+03  -2.0214376e+01   2.0117955e+00   2.2593636e+00   2.2594136e+00   2.2581289e+00   1.0353280e+02   1.0417019e+02   3.6981997e+02
   1.5730013e+03   1.5710000e+03  -2.0214376e+01   2.0117955e+00   2.2593648e+00   2.2594124e+00   2.2581289e+00   1.0354803e+02   1.0415499e+02   3.6981997e+02
   1.5729511e+03   1.5710500e+03  -2.0214376e+01   2.0117955e+00   2.2593660e+00   2.2594112e+00   2.2581289e+00   1.0356321e+02   1.0413984e+02   3.6981997e+02
   1.5729010e+03   1.5711000e+03  -2.0214377e+01   2.0117955e+00   2.2593672e+00   2.2594100e+00   2.2581289e+00   1.0357840e+02   1.0412470e+02   3.6981997e+02
   1.5728509e+03   1.5711500e+03  -2.0214377e+01   2.0117955e+00   2.2593683e+00   2.2594088e+00   2.2581289e+00   1.0359360e+02   1.0410956e+02   3.6981997e+02
   1.5728008e+03   1.5712000e+03  -2.0214377e+01   2.0117955e+00   2.2593695e+00   2.2594076e+00   2.2581289e+00   1.0360879e+02   1.0409432e+02   3.6981997e+02
   1.5727507e+03   1.5712500e+03  -2.0214378e+01   2.0117955e+00   2.2593707e+00   2.2594064e+00   2.2581289e+00   1.0362405e+02   1.0407914e+02   3.6981997e+02
   1.5727006e+03   1.5713000e+03  -2.0214378e+01   2.0117955e+00   2.2593719e+00   2.2594052e+00   2.2581289e+00   1.0363916e+02   1.0406401e+02   3.6981997e+02
   1.5726505e+03   1.5713500e+03  -2.0214378e+01   2.0117955e+00   2.2593731e+00   2.2594040e+00   2.2581289e+00   1.0365432e+02   1.0404883e+02   3.6981997e+02
   1.5726005e+03   1.5714000e+03  -2.0214379e+01   2.0117955e+00   2.2593743e+00   2.2594028e+00   2.2581289e+00   1.0366949e+02   1.0403366e+02   3.6981997e+02
   1.5725504e+03   1.5714500e+03  -2.0214379e+01   2.0117955e+00   2.2593755e+00   2.2594016e+00   2.2581289e+00   1.0368487e+02   1.0401859e+02   3.6981997e+02
   1.5725003e+03   1.5715000e+03  -2.0214379e+01   2.0117955e+00   2.2593767e+00   2.2594004e+00   2.2581289e+00   1.0369995e+02   1.0400337e+02   3.6981997e+02
   1.5724503e+03   1.5715500e+03  -2.0214379e+01   2.0117955e+00   2.2593778e+00   2.2593992e+00   2.2581289e+00   1.0371509e+02   1.0398815e+02   3.6981997e+02
   1.5724002e+03   1.5716000e+03  -2.0214379e+01   2.0117955e+00   2.2593790e+00   2.2593981e+00   2.2581289e+00   1.0373038e+02   1.0397299e+02   3.6981997e+02
   1.5723502e+03   1.5716500e+03  -2.0214380e+01   2.0117954e+00   2.2593802e+00   2.2593969e+00   2.2581289e+00   1.0374547e+02   1.0395783e+02   3.6981997e+02
   1.5723001e+03   1.5717000e+03  -2.0214380e+01   2.0117954e+00   2.2593814e+00   2.2593957e+00   2.2581289e+00   1.0376078e+02   1.0394267e+02   3.6981997e+02
   1.5722501e+03   1.5717500e+03  -2.0214380e+01   2.0117954e+00   2.2593826e+00   2.2593945e+00   2.2581289e+00   1.0377583e+02   1.0392747e+02   3.6981997e+02
   1.5722001e+03   1.5718000e+03  -2.0214380e+01   2.0117954e+00   2.2593838e+00   2.2593933e+00   2.2581289e+00   1.0379105e+02   1.0391237e+02   3.6981997e+02
   1.5721500e+03   1.5718500e+03  -2.0214380e+01   2.0117954e+00   2.2593850e+00   2.2593921e+00   2.2581289e+00   1.0380616e+02   1.0389722e+02   3.6981997e+02
   1.5721000e+03   1.5719000e+03  -2.0214380e+01   2.0117954e+00   2.2593862e+00   2.2593909e+00   2.2581289e+00   1.0382139e+02   1.0388203e+02   3.6981997e+02
   1.5720500e+03   1.5719500e+03  -2.0214380e+01   2.0117954e+00   2.2593873e+00   2.2593897e+00   2.2581289e+00   1.0383647e+02   1.0386684e+02   3.6981997e+02
